91.708
115.216
138.87
162.702
186.742
211.019
235.566
260.413
285.593
311.136
337.077
363.448
390.282
417.614
445.479
473.912
502.95
532.629
562.988
594.065
625.899
658.533
692.006
726.362
761.644
797.898
835.17
873.508
912.959
953.576
995.408
1038.511
1082.938
1128.747
1175.995
1224.744
1275.055
1326.992
1380.623
1436.014
1493.238
1552.366
1613.474
1676.641
1741.946
1809.474
1879.31
1951.543
2026.266
2103.573
2183.564
2266.34
2352.008
2440.675
2532.456
2627.468
2725.832
2827.672
2933.12
3042.309
3155.379
3272.475
3393.744
3519.344
3649.432
3784.176
3923.747
4068.324
4218.09
4373.237
4533.963
4700.472
4872.978
5051.699
5236.865
5428.712
5627.483
5833.433
6046.825
6267.93
6497.031
6734.419
6980.399
7235.283
7499.396
7773.077
8056.672
8350.546
8655.071
8970.638
9297.648
9636.518
9987.681
10351.585
10728.694
11119.489
11524.468
11944.149
12379.066
12829.774
13296.848
13780.885
14282.501
14802.337
15341.055
15899.343
16477.912
17077.502
17690.044
